"subjID"	"a1"	"beta1"	"a2"	"beta2"	"pi"	"w"	"lambda"
33	0.492616873173929	2.5911218658105	0.0439086094067597	4.01651049810786	2.58853987626658	0.295436896777536	0.987754126850281
35	0.0754940817515371	1.86936889318362	0.0359459082156921	3.98462213542316	1.22062369378705	0.323359715163408	0.987710302999852
45	0.330046997728979	8.27345782387293	0.912079693539078	4.7234847080229	1.82850213975907	0.643430882253767	0.987774954956731
57	0.0287945022848164	7.65949216820705	0.0320726773554939	5.44110810493926	0.274861110899257	0.280276087368243	0.9880911068228
59	0.489866207208305	1.5920957308877	0.499997225078116	2.06433661256793	0.559432716803063	0.274906083557008	0.987952157303166
61	0.530180578254316	2.24144680256398	0.700153573635912	2.82058503917049	1.50976945924099	0.376004119374128	0.987899302150104
65	0.848934001818143	6.6385995045721	0.214650611839374	2.37397684225268	0.384263767544783	0.210795519989586	0.988185920867897
71	0.68146531429344	2.85507016095348	0.466700537502681	3.59885750094918	2.6134857639878	0.301064452908149	0.987958347908729
72	0.663096096989637	8.59146007018919	0.589182547404324	3.09892597946678	1.81520432811127	0.303005042289078	0.988190197941428
87	0.452526026928098	4.37336191145124	0.483157780515654	1.80703903696672	0.797660686404262	0.253259823043899	0.987736411138056
89	0.620314866166166	1.49617716530307	0.0162647717506697	2.94283562540059	0.29096341697222	0.35180466468348	0.987776593334801
94	0.88089380823717	2.84834037371588	0.773596324918649	2.29625777922518	1.75294965863382	0.239888423053264	0.987739891696375
244	0.383010660816583	1.58940579720764	0.621769124144889	1.85476572369958	0.357534374117392	0.306783916059191	0.987732573532275
245	0.398171411418253	2.43006816061328	0.502789935938727	2.69499436559545	1.83236774725533	0.329893887764329	0.987683265646722
248	0.279295090957553	2.30370389442124	0.163832098470002	3.54391783090352	2.83071416268396	0.343552447543468	0.987779377102881
250	0.3994218264008	1.65031852281841	0.110647188305711	2.67919097275985	1.38257540146983	0.313742237148306	0.98779699417976
251	0.76389130651772	4.16019043720785	0.37893209930656	6.26179913459497	2.04005227150792	0.344189281978216	0.988003031265946
252	0.0346721011970109	5.97891084429895	0.407299534348818	1.68661697752698	0.166285655769664	0.197346842026718	0.987542883129704
258	0.434103343385732	4.53002554134051	0.409645082633251	5.67627670928028	1.03598464006489	0.398875254614538	0.9875899682538
275	0.0673065064560224	3.69464793762749	0.0901449957177838	2.76537505596028	0.941697404340409	0.256613071428574	0.987844032539416
278	0.214532264869335	2.51574291707415	0.0227144873605165	7.60901491563363	1.54552187454988	0.328786298742434	0.987739751554443
290	0.828255408485465	1.97253952983821	0.321799810942811	3.24814958717985	0.914611701268281	0.251569917635419	0.987901242170654
294	0.0825330731426883	5.00626733953065	0.10511857538287	2.77545310977339	0.30561205676715	0.299742460946224	0.987762561001092
298	0.460003267146884	3.36925547677787	0.110106888652416	6.52140909016883	2.11801492088124	0.350548467564269	0.987527275163708
299	0.232983125675526	4.00630908642155	0.0140939079662665	3.13778325784374	1.05172121110997	0.293957410425737	0.987685375844881
303	0.147570566499439	1.70510587533811	0.0916975838336223	2.28695524093759	1.14585788954209	0.334514710999033	0.987816826217739
305	0.593482422624505	3.98285952494414	0.362034885061543	3.80909676999308	2.90198289183451	0.296539221354871	0.987966917285529
307	0.408504800469448	2.32794366031161	0.0961975458988485	6.65753660873209	1.89649331215216	0.301583839585512	0.987755686339756
312	0.488112239869235	5.05386400207705	0.305929638810676	5.93412645175968	1.85023123856588	0.267101177762423	0.987880395926401
335	0.067270179999735	5.86415556002534	0.0264114943843783	4.83953975305799	1.14564133468364	0.280154841895159	0.987836788561914
353	0.567597589150843	1.9183409874903	0.0255389167258203	6.35843348414704	0.827714888487714	0.312924525867951	0.987611030468851
363	0.794697452773086	1.86050795147396	0.360594537008856	1.58617531908426	1.1059571012313	0.271215393067326	0.987924884673427
369	0.348219221962268	3.59688278664634	0.45368128632577	2.77956410457378	1.69924091028725	0.208361703606353	0.987836334053177
383	0.159118383905711	2.36768093325819	0.0694958389870285	2.58578426059607	2.25206971834219	0.325758648032158	0.987620826636101
394	0.418926741995832	1.30435027884442	0.744811838936123	2.19711240780286	0.0900962855100904	0.287377779887818	0.987702878268239
396	0.28826234343226	1.697565477235	0.0708636397681186	2.37162872109663	0.22868552796464	0.310450686092554	0.987742929361836
398	0.182039401315417	2.14772400706569	0.118926289889006	2.28586043771429	0.549979611682594	0.313813223838563	0.988048507982285
401	0.597102839436141	5.31988455631297	0.0569185425645137	9.65832413562955	2.78660742696408	0.26441497101638	0.98789495912427
442	0.582094217539577	1.8070423199623	0.19851052465724	2.29386953852445	1.63406570964865	0.23040029338687	0.98792802327565
423	0.624126334577428	3.75001057767753	0.383639221377591	1.87164250556918	1.64794605098107	0.284972813463647	0.988047381276905
428	0.485724174070334	6.73316432191179	0.614132131259547	3.4607775850322	1.79325168744599	0.499545626258469	0.987943130813094
437	0.153102932997201	2.1783851366176	0.0679756779967776	2.66481610749964	0.425391840035074	0.327687156293834	0.987782696986134
439	0.354079218712349	1.83592181967039	0.704366169670801	1.95683632517885	2.1619898402622	0.28457417698763	0.988006492081252
415	0.171474307738352	1.43751536307851	0.266339338253725	1.91024037625987	0.392321605017922	0.286872607787076	0.98774259092383
443	0.0577874332625449	3.30076689384029	0.0270830269712377	2.77118916998404	1.11908828324438	0.355562347442752	0.987731992966784
451	0.713822992363415	2.31827248735727	0.782618556902475	4.48447839938429	1.44201150273151	0.264944402424248	0.987871908268995
459	0.131230412340805	1.99427732841916	0.0969050951995015	2.35281015010902	0.313186202125785	0.332144395287585	0.987824764113517
460	0.0723292828900081	2.13882279775522	0.0342855541283978	2.85461221714541	0.267087925523526	0.326926245062382	0.987739062199411
461	0.336351134691394	1.35463202665579	0.0403634656146863	2.63897059663008	0.13687424365055	0.320083483210908	0.98787018186951
465	0.14392662618888	1.51598474650783	0.0925065080437927	2.26281930253486	0.100324264646126	0.319236789899836	0.987724635686214
34	0.444317024425279	2.40148549217739	0.673219124843123	2.57041379489848	1.81570521731613	0.329544931046138	0.987853065361161
41	0.688608815715474	3.35209329851132	0.535071040901717	1.8692484640045	0.481869773185594	0.250834797203606	0.988053392776053
43	0.888252099651319	5.25354532948885	0.396737255161259	2.69292502708723	0.289666274637318	0.17232307006039	0.988323772081413
56	0.229436999047855	1.50805765352773	0.174857366582291	2.16886451234893	0.649961488239698	0.32410207377072	0.987658810685904
54	0.084351266236149	4.47909557259125	0.133998597907792	6.034244038869	0.435820719933151	0.331475806573942	0.987698543359269
48	0.279591221775069	3.72437161052312	0.214672815083069	4.50445777450618	2.50092695299803	0.276642872450748	0.987851304889452
66	0.51516855402806	2.92282234575655	0.594807943862789	3.1513025092475	2.15643474215767	0.355260605350529	0.988010551125303
55	0.983122163863346	8.37915490114097	0.0578117836810412	2.32624484189734	0.0582829587175814	0.22088348607384	0.988058884362621
80	0.628291367996494	1.58950656808562	0.298528932225907	5.95578309174861	0.8978986200184	0.340617938332109	0.987757759625983
117	0.708014516359037	6.23773623841135	0.442427376261506	2.7661856146537	1.60011783112123	0.202795531519367	0.988186968762673
238	0.959962963072418	3.84047286497236	0.138614498478419	2.67638355983537	0.0569132836722237	0.193413398733794	0.988383821478301
253	0.879079316807806	2.98977754129305	0.0732652502593494	2.8790337315394	0.0850078701929448	0.265812569778466	0.988091694795949
247	0.729156801538464	2.40628822840877	0.0404696278890174	4.3342204897263	1.86995723320753	0.308191835452077	0.987899327893953
92	0.466009224415286	5.43738663714841	0.6657106555096	3.71658813254233	2.67157554496399	0.264640113999777	0.987977933022968
127	0.813964757188031	2.84286003993624	0.0835269062711911	4.2872254391799	0.610046123766984	0.286406004275551	0.988014492821407
259	0.894518535561523	2.49490226810685	0.0922921524149177	10.3584069840228	0.609240549454209	0.291727423819816	0.987867753968774
125	0.12730850052409	1.8591696366769	0.0422314463469803	2.37905582609163	0.0220589063584899	0.333780942365885	0.987839575206506
268	0.684365037426293	3.51002251607213	0.0469858371913054	3.79779497421998	3.54776210611152	0.287174756564032	0.987883523845324
112	0.0478942678092985	3.44670899390862	0.0192593702761196	2.88537982129607	0.62631589169482	0.277017946217298	0.987716448696819
262	0.0816452474271875	4.58131484508726	0.0274747938658564	8.33519110052805	2.66898055369404	0.282922461284565	0.98773217973023
266	0.611287489461076	2.51516052959079	0.0253370381927817	5.07578457557086	3.04152039221145	0.330267541687865	0.987820556832672
269	0.970863290728299	4.94426445723407	0.122791569027671	2.88991121435046	0.110399337354061	0.213012830187441	0.987924765892627
119	0.749212279608006	4.4526971868901	0.527447098917882	2.01260066189891	1.96877672265563	0.271268048661374	0.988219769008413
273	0.4622308479724	1.89646051816417	0.086840149427533	3.38886433699859	2.19838657810454	0.310802318776517	0.987810919525304
276	0.0654482040160234	2.45186740879155	0.0203473498912736	2.9140307514557	0.212801164837457	0.344506001978784	0.987872377576078
114	0.677160509128942	9.81207776557257	0.0180798584629025	8.35599523109011	1.93636850425613	0.244697018469596	0.987937361666742
309	0.901418423452202	4.98480710287561	0.0154517873899404	4.01255802354891	0.0755113213881645	0.176322373956285	0.988032974002417
338	0.969863330381622	5.15075365478129	0.0242781109123883	4.87151170738023	0.0435381107240285	0.214713216236097	0.988114840110352
345	0.0503638322082313	2.82227675467702	0.00831642288981306	4.80567637411634	0.0971747959498917	0.297303924469851	0.987622074232605
355	0.234197377302697	1.67605416008277	0.24158315276064	2.00508073490708	2.18046995972933	0.324935505765542	0.987727300562176
372	0.260777249715489	5.82302118773473	0.0526619027903107	2.52486979391074	2.06927463930164	0.289437659115528	0.987787708759226
385	0.334556535251656	2.40086122263802	0.0334707983853808	5.21893077349988	0.161080002735134	0.291660508263798	0.987650624052155
386	0.2791015176453	2.20019945556071	0.406704683456075	2.32737994948822	2.74536222130907	0.338183004743959	0.98778526254602
387	0.6062064130975	2.25626428055008	0.503643749420609	2.35928019219106	1.65749287426159	0.331343516743361	0.988029842897834
395	0.889176406288107	1.45700793737046	0.0390486870663338	3.64423827968689	0.228718761539938	0.285501269553037	0.987989198159078
416	0.230932146639595	1.8209505938352	0.799641166036625	4.08031627637413	2.32555525342007	0.315281044732218	0.98785011879884
420	0.766314008011229	6.31344612760962	0.46697038733322	2.59169774552455	1.31474730738219	0.244176272995088	0.988088555386436
424	0.259632861255514	7.80796078994203	0.359967513917536	4.81130166800344	1.63334811223437	0.400289351055213	0.987838828803649
432	0.619623685028315	2.8257238964919	0.263667089626587	4.20738384949561	3.54259369332151	0.270573673992	0.987730445878207
436	0.890944953035488	5.18451576972062	0.476949689010639	4.29715874576387	1.29826282486063	0.228810421457498	0.988234338291304
455	0.461935945998773	1.27156388526622	0.0323679794132397	3.45543417245002	0.0697520662015567	0.343056902476404	0.987498587151398
457	0.882175870771133	3.41105635161383	0.258737452180846	3.14889164885864	0.478403312575334	0.235447639772439	0.988301272497287
456	0.294562721377991	2.24218387691364	0.031992088697379	3.97791026753073	2.85829522090034	0.326161721527911	0.987725947548095
458	0.0890932374740521	2.50046235912307	0.0624580022700125	2.53028397743091	0.0787668791764097	0.339507708181049	0.987758444943316
462	0.136470936497377	2.08156632847462	0.148583710913947	1.81903223770398	0.101332490458315	0.343565283241851	0.987852208767537
463	0.716276806824497	1.33784556717896	0.0620366094605765	2.48899733296183	0.401144456597604	0.351875040373832	0.987776262122613
464	0.10306207815972	2.23377987864369	0.0942500000639517	2.47265484225638	0.136550191494049	0.287084114824693	0.987595891855212
466	0.191129175380385	1.92135623612896	0.0274839912242861	2.74761869675127	0.152926289662549	0.341205996577726	0.987685830563753
